S0 :0.0153846+(x-(-8))*(-0.00384886+(x-(-8))*(0+(x-(-8))*(0.00241752)))
S1 :0.027027+(x-(-6))*(0.0251613+(x-(-6))*(0.0145051+(x-(-6))*(-0.00956833)))
S2 :0.0588235+(x-(-4))*(-0.0316382+(x-(-4))*(-0.0429049+(x-(-4))*(0.047009)))
S3 :0.2+(x-(-2))*(0.360851+(x-(-2))*(0.239149+(x-(-2))*(-0.109787)))
S4 :1+(x-(0))*(0+(x-(0))*(-0.419575+(x-(0))*(0.109787)))
S5 :0.2+(x-(2))*(-0.360851+(x-(2))*(0.239149+(x-(2))*(-0.047009)))
S6 :0.0588235+(x-(4))*(0.0316382+(x-(4))*(-0.0429049+(x-(4))*(0.00956833)))
S7 :0.027027+(x-(6))*(-0.0251613+(x-(6))*(0.0145051+(x-(6))*(-0.00241752)))
